# Room data, imported from KRD.
# This file was automatically generated by kconvert.py.


segment
name: X01.1
width: 12
height: 12
data:
26 66 66 66  8 68 68 68 68 66 66 68 
 2  7  2  2  2 68 66 66 66 66 68 68 
66 66  2 94  2  2  2  2  2  2  2  7 
66 66  2 82  2 49 72 59 66 49  2 68 
66 66  2 82  2 72 91 91 91 72  2 68 
66 66  2 82  2 72 72 91 91 72  2 66 
66 40  2 81 10 85 66 91 91 91  2 66 
66 42  2  2  2  2  2  2  2  9  2 66 
66 18  2 49  2 68 68 66 66 67  2 66 
 7  2  2  7  2  7  2  2  2  2  2  7 
66 66 24 24 66 66  2 39 66 66 68 68 
66 66 66 66 66 66  8 66 66 66 68 68 
switches:
2
1 8 1 toggle 2 2 0
9 8 1 toggle 2 -6 0
rooms:
10
0 0 6 3 
5 0 9 4 
0 2 4 9 
3 3 3 6 
5 3 7 6 
11 3 3 8 
5 8 7 3 
0 10 8 4 
7 10 7 4 
3 8 3 3 
end

segment
name: X01.2
width: 12
height: 12
data:
66 66 66 66  8 66 68 66 68 68 68 68 
 7  2  2  2  2 66 66 66 68 68 24 68 
66 39  2  2  2  2  9  2  2  2  2  2 
66 66  2 68 75 83 91 91 66 39  2  2 
66 66  2 49  2 66 91 91 91 66  2  2 
66 66  2 68  2 66 66 91 66 66  2  2 
66 66  8 49 75 83 91 91 66 49  2  2 
66 66  2  2  2  2  2  2  9  2  2  2 
66 39  2  2 93 85 85 85 91 49  2  2 
 7  2  2  2  2  2  2  2  2  2  2  2 
66 66 66 66 66 66  8 66 66 66 66 66 
66 66 25 66 66 39  2 66 66 66 66 66 
rooms:
10
0 0 6 3 
5 0 9 4 
0 2 4 9 
3 3 3 6 
5 3 7 6 
11 3 3 8 
5 8 7 3 
0 10 8 4 
7 10 7 4 
3 8 3 3 
end

segment
name: X02.1
width: 12
height: 12
data:
66 66 66 66 66 66 66  2 66 66 66 66 
39 66 79 79 79 79 66  8 66 24 24 66 
 2  7  2  2  2  2  2  2 66 24 24 66 
66 66  2 44 44 91 91 10 66 66 66 66 
66 66  2 91 43 43 43  2  2  2  7  2 
26 66  2 66 91 66 83 10 91  2 66 66 
 2  7  2 24 91 91 68  2 84  2 66 66 
66 66  2 49 24 91 49  2 84  2 40 66 
66 71  2  2  2  2  2  2 92  2 41 66 
66 70  8 66 66 66 28  2  2  2 41 66 
66 66  2  2  2  7  2  2  2  2 42 66 
66 66  8 66 66 66 66 72 66  8 66 66 
rooms:
10
0 0 9 4 
8 0 6 6 
0 3 4 5 
3 3 6 7 
8 5 3 5 
10 5 4 9 
8 9 3 3 
3 9 6 3 
0 7 4 7 
3 11 8 3 
end

segment
name: X02.2
width: 12
height: 12
data:
66 66 66 68 68 66 23  2 66 66 66 66 
66 66 66 66 28 68 66  8 66 79 79 69 
 2  7  2  2  2  2  2  2 69 79 79 66 
68 66  2 24 24 47 18  2 66 66 66 66 
68 68  2 24 91 47 91  2  9  2  7  2 
66 39  2 91 91 47 66 75 66  2 69 66 
 7  2  2 72 91 47 91  2 66  2 66 82 
66 28  2 91 66 47 66 75 66  2 82 75 
66 44  2  9  2  2  2  2  2  2 75 75 
66 39  2 66 83 83 83 95  3  2 75 84 
66 45  2  2  2  2  2  2  2  2 84 69 
66 66  8 68 68 68 68 68 68  8 66 66 
switches:
1
6 3 1 toggle 2 -1 3
rooms:
10
0 0 9 4 
8 0 6 6 
0 3 4 5 
3 3 6 7 
8 5 3 5 
10 5 4 9 
8 9 3 3 
3 9 6 3 
0 7 4 7 
3 11 8 3 
end

segment
name: Z01.1
width: 12
height: 12
data:
66  2 94  2  2  2  2  2  2  2 66 66 
66  2 82  2 91 66 66 91 66  2 72 66 
66  2 82  2 82  4 82  5 82  2 59 66 
66  2 91 10 66 66 66 91 66  2  6 66 
66  2 49  2 82  4 82  5 82  2  2  7 
 7  2  2  2 91 91 66 66 66  2 40 66 
66 66 28  2 82  4 82  5 82  2 42 66 
66 44 44  2 66 66 66 66 91  2  2  7 
66 43 43  2 82  4 82  5 82  2 24 75 
66 66 45  2 66 91 91 66 66  2 24 69 
66 66 66  2  2  2  9  2  2  2 69 75 
66 66 66  8 66 66 66 66 66  8 66 75 
rooms:
8
0 0 3 7 
2 1 3 6 
4 1 7 11 
10 0 4 6 
10 5 4 4 
10 8 4 6 
4 11 7 3 
0 6 5 8 
end

segment
name: Z02.1
width: 12
height: 12
data:
 2  2  2  2  2  2  2  2  2 74 74 74 
 2  2  2  2  2  2  2  2  2 74  1 74 
 2  2  2 91 78 66 47 91 10 74 74 74 
 2  2  2 66 47 66 47 91  2  2  7  2 
24 24  2 66 47 91 47 66  2 23 66 66 
66 24  2 91 47 66 47 91  2 26 66 66 
66 24  2 91 47 66 78 66  2 26 66 66 
66 66  2  9  2  2  2  2  2 66 66 66 
66 39  2 91 83 83 95  2  2 44 66 66 
 7  2  2  2  2  2  2  2  2 43 43 66 
66  8 66 66 65 66 66 66  8 66 66 66 
25  2 66 66 65 66 66 66  2 66 66 66 
rooms:
10
0 0 4 5 
3 0 7 3 
9 0 5 5 
3 2 7 7 
0 4 4 7 
3 8 5 3 
7 8 3 3 
9 4 5 10 
2 10 8 4 
0 10 3 4 
end

segment
name: Z03.1
width: 12
height: 12
data:
43 43 44 66  8 66 66 66 66 66  8 66 
66 66 66 66  2  2  2  2  2  2  2 66 
66 66 24 24  2 66 10 91 66 66  2 66 
66 66 24 24  2 75  3 66 49 91  2 25 
66 66 66 24  2 66 47 91 75 66  2  2 
66 66 66 66  2 75  3 66 75 91  2  3 
23 66 66 66  8 66 47 91 75 66  2 94 
 2  2  2  7  2  2  2 66 75 66  2 82 
 2  2  2 66 44 27  2 91 49 66  2 82 
 2  2  2 66 39 66  2 91 66 91 10 81 
 2  2  2 66 66 66  2  2  2  2  2  2 
 2  2  2 66 66 66  2  2  2  2  2  2 
rooms:
12
0 0 6 9 
5 0 7 3 
11 0 3 6 
7 2 5 10 
0 8 4 6 
3 8 5 6 
7 11 7 3 
11 7 3 5 
11 5 3 3 
5 2 3 3 
5 4 3 3 
5 6 3 3 
end

segment
name: Z04.1
width: 12
height: 12
data:
66 66 66 66 66 66 66  2 66 24 24 66 
66  3 79 79 79  3 66  8 66 24 66 66 
66 79 79 79 79 79 66  2 66 68 66 68 
66 79 79 79 79 44 44  2 49 75 84 75 
69 79 79 79 43 43 43  2  2  2  9  2 
66 79 79 79 79 79 28  2 49 91 91  2 
66 79 79 79 79 79 66  2 91 91 91  2 
66  3 79 79 79  3 69  2 84 68 49  2 
66 66 66 66 66 66 66  2  9  2  2  2 
 2  2  7  2  7  2  7  2 91 83 83 95 
26 66 66  2 66  2 66  2  2  2  2  2 
66 66 66  2 66  2 66  8 66 66 66 66 
rooms:
8
0 0 9 11 
8 0 6 6 
8 5 5 5 
8 9 5 3 
8 11 6 3 
6 10 3 4 
4 10 3 4 
0 10 5 4 
end

segment
name: Z05.1
width: 12
height: 12
data:
 3  2  2  2  2  2  2 44 68 68 66 66 
94  2  2  2  2  2  2 43 43 68 68 66 
82  2  2  2  2  2  2 26 66 66 68 68 
82  2  2  2  2  2  2  2  2  2  2  7 
82  2 47 68 68 66 91 68 47  2 39 66 
81 10 85 66 91 91 68 91 47  2 26 66 
49  2 47 91 68 68 91 91 47  2 39 66 
 2  2  2  2  9  2  2  2  2  2  2  7 
66 66 66  8 59  8 72  8 66 66 66 66 
75 45 75  2  2  2  2  2 66 79 79 66 
75 44 75  2  2  2  2  2 39 79 79 69 
66 66 66  2  2  2  2  2 23 66 66 66 
rooms:
11
0 0 3 3 
0 2 3 7 
2 0 6 5 
7 0 7 5 
10 4 4 5 
2 4 9 5 
0 8 5 6 
4 8 3 3 
6 8 3 3 
4 10 5 4 
8 8 6 6 
end

segment
name: Z06.1
width: 12
height: 12
data:
 2  2  2  2  2 66 66 66  8 66 66 66 
 2  2  2  2  2 39 25 39  2 24 24 66 
 2  2  2  2  2  2  2  2  2  2  2  7 
81 85 85 91 47 66 68 91 66 68  2 68 
92  2  2  9  2 66 68 68 44 44  2 68 
 9  2 75 82 47 66 91 68 43 43  2 68 
 2  2 91 91 78 66 68 66 91 45  2 68 
66  2 91 91 47 66 66 66 66 68  2 68 
 7  2  2  2  2  9  2  2  2  2  2  7 
66 66 24 24  2 59  2 44 43 43 66 66 
66 69 66 66  8 72  8 66 66 66 66 66 
66 66 66 66  2 25  2 66 69 66 66 66 
rooms:
12
0 0 6 4 
5 0 5 4 
9 0 5 4 
0 3 6 3 
0 5 3 3 
0 7 3 3 
2 5 4 5 
5 3 7 7 
11 3 3 7 
0 9 6 5 
5 9 3 5 
7 9 7 5 
end

segment
name: Z07.1
width: 12
height: 12
data:
66 66 72  2 39 66 39  2 66 65 66 66 
66 69 66  8 66 66 66  8 66 65 66 66 
72 59 69  2  2  7  2  2  2  2  2  7 
 6 66 72  8 74 74 74 10 91 66  2 74 
 2  7  2  2  2  7  2  2 66 91  2 74 
66 66 66  8 66 66 28  2 91 91  2 74 
66 66 44  2  2  2  2  2 75 91  2 74 
66 66 40  2 81 85 85 10 85 91  2 74 
66 69 42  2 92  2  2  2  2  2  2  7 
40 66 66  2  3  2 26 66 66 24 24 66 
42 66 66  2  2  2 43 43 66 66 24 66 
66 66 66  8 65  8 66 66 66 66 66 66 
rooms:
12
0 0 5 6 
4 0 5 4 
8 0 6 4 
4 3 5 3 
4 5 5 3 
4 7 5 3 
8 3 4 7 
11 3 3 7 
6 9 8 5 
0 5 5 9 
4 9 3 3 
4 11 3 3 
end

segment
name: Z08.1
width: 12
height: 12
data:
39  2 23 66 66 66 39  2 66 66 66 66 
66  8 66 66 66 69 66  8 66 66 66 28 
 7  2  2  2  2  2  2  2  2  2  7  2 
66  2 49 66 91 66 91 68 49  2 66 66 
69  2 68 66 68 24 24 91 68  2 43 68 
66  2 68 91 24 24 24 66 91  2 45 68 
66  2 68  4 84  5 91 68 68 10 68 68 
25  2 66 47 84 47 66 91 91  2 66 66 
 2  2  2  2  9  2  2  2  2  2  7  2 
 2  2  2  2 84  2 24 24 24 27 66 66 
 2  2  2  2 92  2 24 24 68 68 66 66 
 2  2  2  2  3  2 68 68 66 66 66 66 
rooms:
10
0 0 3 4 
2 0 7 4 
8 0 6 4 
0 3 3 7 
2 3 9 7 
10 3 4 7 
0 9 5 5 
4 9 3 3 
4 11 3 3 
6 9 8 5 
end

segment
name: Z09.1
width: 12
height: 12
data:
66 66 68 66 66  8 66 66 66 66 66 66 
66 66 66 68 39  2 16 16  3 66 72 66 
75  2  2  2  2  2 91 49 17 66 66 59 
84  2 91 85 91 10 66 91 10 66 66 23 
84  2 84  3 49  2  2  2  2  2  7  2 
84  2 91 83 91  2  2  2  2  2 66 66 
11  2  2  2  9  2  2  2  2  2 40 66 
 3 93 85 85 91  2  2  2  2  2 42 66 
 2  2  2  2  2  2  2  2  2  2 26 66 
66 24 24 66 27  2  2  2  2  2  2  7 
66 24 66 66 66  8 68 68 44 44 68 68 
66 66 66 66 39  2 68 68 68 68 68 68 
rooms:
10
0 0 7 4 
6 0 8 6 
0 3 3 5 
2 3 5 5 
6 5 5 6 
10 5 4 6 
0 7 3 3 
2 7 5 3 
0 9 7 5 
6 10 8 4 
end

eof
