# Room data, imported from KRD.
# This file was automatically generated by kconvert.py.


segment
name: Z01.4
width: 12
height: 12
data:
 2  2  2  2  2  2  2  2  2  2 66 66 
 2  2 66 75 75 83 66 85 75 75 66 66 
 2  2 66  2 84  3 84  3 84  2 40 66 
 2  2 66  2 66 83 86 85 66  2 42 66 
 2  2 66  2 82  3 82  3 82  2  2  7 
 2  2  7  2 75 75 82 75 75  2 26 66 
66 66 66 75 75 75 75 75 75 75 66 66 
68 68 66  2 75 75 75 75 75  2  2  2 
68 68 24  2 75 75 75 75 75  2  2  2 
68 24 24  2 75 75 75 75 75  2  2  2 
68 24 24  2  2  2  2  2  2  2  2  2 
66 66 39  2  2  2  2  2  2  2  2  2 
rooms:
8
0 0 3 7 
2 1 3 6 
4 1 7 11 
10 0 4 6 
10 5 4 4 
10 8 4 6 
4 11 7 3 
0 6 5 8 
end

segment
name: Z02.4
width: 12
height: 12
data:
66 44  2 66 66 66 66 66  8 66 66 66 
66 39  2 75  2  2  2 75  2 66 39 66 
66 66 75 75 83 66 85 75 75 66 66 66 
 7  2  2 84  3 84  3 84  2  2  7  2 
75 66  2 66 83 86 85 66  2 23 66 66 
66 75  2 82  3 82  3 82  2 66 66 66 
75 66 75 75 83 66 85 75 75 66 66 66 
66 75  2 75  2  2  2 75  2 44 44 66 
75 66  2 66 66 28  2 25  2 43 43 66 
 7  2  2  2  2  2  2  2  2 45 73 66 
66  8 66 24 24 66 66 66  8 66 73 73 
39  2 24 24 24 66 66 39  2 66 66 66 
rooms:
10
0 0 4 5 
3 0 7 3 
9 0 5 5 
3 2 7 7 
0 4 4 7 
3 8 5 3 
7 8 3 3 
9 4 5 10 
2 10 8 4 
0 10 3 4 
end

segment
name: Z03.4
width: 12
height: 12
data:
66 66 66 66  8 68 68 68 68 68  8 66 
44 66 66 66  2  2  2  2  2  2  2 66 
43 43 66 66  2 66  8 75 75 75  8 66 
45 45 66 28  2  7  2  4 84  5  2 66 
66 66 66 66  2 69  2 68 68 68  2  7 
66 66 66 66  2  7  2  4 84  5  2 68 
66 66 66 66  8 66  2 66 66 66  2  7 
 7  2  2  2  2  2  2  4 84  5  2 66 
66 24  2 66 66 28  2 81 81 81  2 66 
69 24  2 66 43 43  2  4 86  5  2 66 
66 66  2 66 45 45  2  2  2  2  2  7 
66 66  8 66 66 66  8 68 68 68 68 68 
rooms:
12
0 0 6 9 
5 0 7 3 
11 0 3 6 
7 2 5 10 
0 8 4 6 
3 8 5 6 
7 11 7 3 
11 7 3 5 
11 5 3 3 
5 2 3 3 
5 4 3 3 
5 6 3 3 
end

segment
name: Z04.4
width: 12
height: 12
data:
66 66 66 66 66 66 66  2 44 44 66 75 
66 66 66 66 66 66 66  2 43 43 66 69 
66 75 75 84 75 75 66  8 75 66 75 66 
66 75  3 84  3 75 66  2 69 66 75 66 
66 83 83 86 85 85 66  2  2  2  2  2 
66 75  3 82  3 75 66  2 27 27 72  2 
66 75 75 82 75 75 66 10 72 59 67  2 
66 66 66 66 66 66 66  2  6 67 25  2 
66 66 66 66 66 66 66  2  2  2  2  2 
 2  7  2  2  9  2  7  2  2  2  2  2 
66 66 39  2 66  2 66  2  2  2  2  2 
66 66 28  2 15  2 66  8 66 66 66 66 
rooms:
8
0 0 9 11 
8 0 6 6 
8 5 5 5 
8 9 5 3 
8 11 6 3 
6 10 3 4 
4 10 3 4 
0 10 5 4 
end

segment
name: Z05.4
width: 12
height: 12
data:
72  8 66 66 66 40  2 66 66 66 66 66 
 2  2 66 66 66 42  2 25 43 43 66 66 
 2  2 66 66 66 66  8 66 66 66 66 66 
 2  2 75  2  2  2  2  2 75  2  2  2 
 2  2 68 75 83 66 85 75 68  2  2  2 
 2  2 75 83 66 86 66 85 75  2  2  2 
 2  2 68 75 83 66 85 75 68  2  2  2 
 2  2 75  2  2  2  2  2 75  2  2  2 
68 66 66  8 72  2 59 10 66 69 66 75 
68 68 24  2  2  2  2  2 44 44 75 66 
68 24 24  2  2  2  2  2 43 43 75 69 
66 66 23  2  2  2  2  2 26 69 66 66 
rooms:
11
0 0 3 3 
0 2 3 7 
2 0 6 5 
7 0 7 5 
10 4 4 5 
2 4 9 5 
0 8 5 6 
4 8 3 3 
6 8 3 3 
4 10 5 4 
8 8 6 6 
end

segment
name: Z06.4
width: 12
height: 12
data:
 2  2  2  2  2 66 69 66  2 66 66 66 
 2  2  2  2  2 39 25 66  8 66 66 66 
 2  2  2  2  2  2  2  2  2 75  2  7 
66 66 66 66 75 75 83 66 85 75  2 66 
 2  2  2  2  2 84  3 84  3 84  2 66 
 2  2  2  2  2 66 83 86 85 66  2 69 
 2  2  2  2  2 82  3 82  3 82  2 66 
 2  2  2  2  2 75 83 66 85 75 75 66 
 2  2  2  2  2 75  2  2  2  2  2  2 
66 23 44 44  2 66  2  2  2  2  2  2 
66 66 69 66  8 66  2  2  2  2  2  2 
66 66 66 66  2 25  2  2  2  2  2  2 
rooms:
12
0 0 6 4 
5 0 5 4 
9 0 5 4 
0 3 6 3 
0 5 3 3 
0 7 3 3 
2 5 4 5 
5 3 7 7 
11 3 3 7 
0 9 6 5 
5 9 3 5 
7 9 7 5 
end

segment
name: Z07.4
width: 12
height: 12
data:
75 66 69  2 23 66 39  2 44 66 66 66 
66 75 66  8 66 66 66  8 66 66 66 66 
66 75 68  2  2  2  2  2  2  7  2  2 
66 69 68 83 83 68 85 85 68 66  2 39 
 7  2  2  2  3 84  3  2 68 66  2 66 
66 66 83 83 85 86 83 85 85 66  8 66 
66 66 68  2  3 82  3  2 68 66  2 66 
66 66 68 83 83 68 85 85 68 66  2 39 
24 66 66  2  2  2  2  2  2  7  2  2 
24 24 66  8 28  2 44 44 66 66 40 66 
24 66 66  2  2  2 43 43 66 66 42 66 
66 66 39  2 26  8 66 66 66 66 66 66 
rooms:
12
0 0 5 6 
4 0 5 4 
8 0 6 4 
4 3 5 3 
4 5 5 3 
4 7 5 3 
8 3 4 7 
11 3 3 7 
6 9 8 5 
0 5 5 9 
4 9 3 3 
4 11 3 3 
end

segment
name: Z08.4
width: 12
height: 12
data:
 2  2 66 66 66 24 24  2 27 66 66 66 
 2  2 66 66 66 66 66  8 66 66 66 66 
 2  2 75  2  2  2  2  2 75  2  2  2 
66 75 75 75 83 66 85 75 75 75 66 66 
66  2 75 84  3 84  3 84 75  2 23 66 
39  2 83 66 83 86 85 66 85  2 40 69 
66  2 75 82  3 82  3 82 75  2 42 66 
66 75 75 75 83 66 85 75 75 75 66 66 
 2  2 75  2  2  2  2  2 75  2  2  2 
68 68 68  2 39  8 66 66 66 66 66 28 
68 39 68  2  2  2 66 72 66 43 43 43 
68 68 68  2 15 10 66 66 66 66 45 45 
rooms:
10
0 0 3 4 
2 0 7 4 
8 0 6 4 
0 3 3 7 
2 3 9 7 
10 3 4 7 
0 9 5 5 
4 9 3 3 
4 11 3 3 
6 9 8 5 
end

segment
name: Z09.4
width: 12
height: 12
data:
66 66 66 72 59  2 44 44 66 66 66 66 
24 24 77 77 77  2 43 43 66 66 66 66 
 2  2  2 84  2  2 77 66 66 66 72 40 
77 83 66 84 66 85 77 66 72 59 66 42 
77  2 83 86 85  2  2  2  2  2  2  2 
77 83 66 82 66 85 77 77 32  2  2  2 
 2  2  2 82  2  2 77 66 77  2  2  2 
 2  2 26 66 66  8 66 77 66  2  2  2 
 2  2  2  7  2  2 77 25 25  2  2  2 
39 79 66 79 39  2  2  2  2  2  2  2 
79 66 79 66 79  2  2  2  2  2  2  2 
39 79 66 79 39  2  2  2  2  2  2  2 
rooms:
10
0 0 7 4 
6 0 8 6 
0 3 3 5 
2 3 5 5 
6 5 5 6 
10 5 4 6 
0 7 3 3 
2 7 5 3 
0 9 7 5 
6 10 8 4 
end

eof
